Entropy length for MotionEstimation(1-100):
72900
72900
72900
72900
72900
72900
72900
72900
72900
72900
72900
72900
72900
72900
72900
72900
72900
72900
72900
72900
72900
72900
72900
72900
72900
72900
72900
72900
72900
72900
72900
72900
72900
72900
72900
72900
72900
72900
72900
72900
72900
72900
72900
72900
72900
72900
72900
72900
72900
72900
72900
72900
72900
72900
72900
72900
72900
72900
72900
72900
72900
72900
72900
72900
72900
72900
72900
72900
72900
72900
72900
72900
72900
72900
72900
72900
72900
72900
72900
72900
72900
72900
72900
72900
72900
72900
72900
72900
72900
72900
72900
72900
72900
72900
72900
72900
72900
72900
72900
