Entropy length for image difference(1-100):
86358
89964
92129
94385
94792
95428
96474
96864
97758
98851
100559
101589
101813
102406
103058
103187
103677
103491
103674
103116
104558
104725
104537
103723
103995
104238
104370
104349
104736
103994
105500
105640
105789
106355
106240
105342
105918
105876
105972
105480
106590
106605
106584
106801
106618
106771
106871
105976
106319
105329
106379
106411
106269
106638
106531
106302
106456
106262
106328
103385
105432
105726
105762
106149
106004
105853
106190
105778
106036
105735
106883
107230
107375
107475
107230
107223
107039
106777
106865
105771
106951
106937
107375
106962
106961
106756
106979
106837
106615
105365
106354
106535
106641
106906
106973
106193
106748
106095
106312
